10 11 5 0 3 6 6 7 13 4 13 11 14 8 2
*
8 13 0 11 12 1 12 7 5 0 1 8 13 4 2
*
4 2 12 12 5 2 10 0 4 1 1 1 14 12 3
*
6 2 14 11 3 2 10 0 6 2 2 0 14 12 11
*
5 2 14 0 3 2 10 14 6 2 8 0 14 12 5
*
5 2 14 0 3 2 10 14 6 2 8 0 14 12 5
*
7 2 14 0 5 2 10 0 6 3 8 1 14 12 10
*
8 13 14 0 5 2 10 0 6 3 2 1 14 12 10
*
8 2 14 0 5 2 10 0 6 3 2 1 8 12 5
*
8 2 14 0 5 2 10 0 6 3 2 1 8 12 5
*
8 2 14 0 5 2 10 0 6 3 2 1 8 12 5
*
8 2 14 0 5 2 10 0 6 3 2 1 14 12 5
*
8 2 14 0 5 2 10 0 6 3 2 1 14 12 5
*
8 2 14 0 5 2 10 0 6 3 2 1 14 12 5
*
8 2 14 0 5 2 10 0 6 3 2 1 14 12 5
*
8 2 14 0 5 2 10 0 6 3 2 1 14 12 5
*
8 2 14 0 5 2 10 0 6 3 2 1 14 12 5
*
8 2 14 0 5 2 10 0 6 3 2 4 10 12 5
*
8 2 14 0 5 2 10 0 6 3 2 4 10 12 5
*
8 2 14 0 5 2 10 0 6 3 2 4 10 12 5
*
8 2 14 0 5 2 10 0 6 3 2 4 10 12 5
*
8 2 14 0 5 2 10 0 6 3 2 4 10 12 5
*
8 2 14 0 5 2 10 0 6 3 2 4 10 12 5
*
8 2 14 0 5 2 10 0 6 3 2 4 10 12 5
*
8 2 14 0 5 2 10 0 6 3 2 4 3 12 5
*
8 2 14 0 5 2 10 0 6 3 2 4 3 12 5
*
8 2 14 0 5 2 10 0 6 3 2 4 3 12 5
*
8 2 14 0 5 2 10 0 6 3 2 4 3 12 5
*
8 2 14 0 5 2 10 0 6 3 2 4 3 12 5
*
8 2 14 0 5 2 10 0 6 3 2 4 3 12 5
*
8 2 14 0 5 2 10 0 6 3 2 4 3 12 5
*
8 2 14 0 5 2 10 0 6 3 2 4 3 12 5
*
8 2 14 0 5 2 10 0 6 3 2 4 3 12 5
*
8 2 14 0 5 2 10 0 6 3 2 4 3 12 5
*
8 2 14 0 5 2 10 0 6 3 2 4 3 12 5
*
8 2 14 0 5 2 10 0 6 3 2 4 3 12 5
*
8 2 14 0 5 2 10 0 6 3 2 4 3 12 5
*
8 2 14 0 5 2 10 0 6 3 2 4 3 12 5
*
8 2 14 0 5 2 10 0 6 3 2 4 3 12 5
*
8 2 14 0 5 2 10 0 6 3 2 4 3 12 5
*
8 2 14 0 5 2 10 0 6 3 2 4 3 12 5
*
8 2 14 0 5 2 10 0 6 3 2 4 3 12 5
*
8 2 14 0 5 2 10 0 6 3 2 4 3 12 5
*
8 2 14 0 5 2 10 0 6 3 2 4 3 12 5
*
8 2 14 0 5 2 10 0 6 3 2 4 3 12 5
*
8 2 14 0 5 2 10 0 6 3 2 4 3 12 5
*
8 2 14 0 5 2 10 0 6 3 2 4 3 12 5
*
8 2 14 0 5 2 10 0 6 3 2 4 3 12 5
*
8 2 14 0 5 2 10 0 6 3 2 4 3 12 5
*
8 2 14 0 5 2 10 0 6 3 2 4 3 12 5
*
8 2 14 0 5 2 10 0 6 3 2 4 3 12 5
*
8 2 14 0 5 2 10 0 6 3 2 4 3 12 5
*
8 2 14 0 5 2 10 0 6 3 2 4 3 12 5
*
8 2 14 0 5 2 10 0 6 3 2 4 3 12 5
*
8 2 14 0 5 2 10 0 6 3 2 4 3 12 5
*
8 2 14 0 5 2 10 0 6 3 2 4 3 12 5
*
8 2 14 0 5 2 10 0 6 3 2 4 3 12 5
*
8 2 14 0 5 2 10 0 6 3 2 4 3 12 5
*
8 2 14 0 5 2 10 0 6 3 2 4 3 12 5
*
8 2 14 0 5 2 10 0 6 3 2 4 3 12 5
*
8 2 14 0 5 2 10 0 6 3 2 4 3 12 5
*
8 2 14 0 5 2 10 0 6 3 2 4 3 12 5
*
8 2 14 0 5 2 10 0 6 3 2 4 3 12 5
*
8 2 14 0 5 2 10 0 6 3 2 4 3 12 5
*
8 2 14 0 5 2 10 0 6 3 2 4 3 12 5
*
8 2 14 0 5 2 10 0 6 3 2 4 3 12 5
*
8 2 14 0 5 2 10 0 6 3 2 4 3 12 5
*
8 2 14 0 5 2 10 0 6 3 2 4 3 12 5
*
8 2 14 0 5 2 10 0 6 3 2 4 3 12 5
*
8 2 14 0 5 2 10 0 6 3 2 4 3 12 5
*
8 2 14 0 5 2 10 0 6 3 2 4 3 12 5
*
8 2 14 0 5 2 10 0 6 3 2 4 3 12 5
*
8 2 14 0 5 2 10 0 6 3 2 4 3 12 5
*
8 2 14 0 5 2 10 0 6 3 2 4 3 12 5
*
8 2 14 0 5 2 10 0 6 3 2 4 3 12 5
*
8 2 14 0 5 2 10 0 6 3 2 4 3 12 5
*
8 2 14 0 5 2 10 0 6 3 2 4 3 12 5
*
8 2 14 0 5 2 10 0 6 3 2 4 3 12 5
*
8 2 14 0 5 2 10 0 6 3 2 4 3 12 5
*
8 2 14 0 5 2 10 0 6 3 2 4 3 12 5
*
8 2 14 0 5 2 10 0 6 3 2 4 3 12 5
*
8 2 14 0 5 2 10 0 6 3 2 4 3 12 5
*
8 2 14 0 5 2 10 0 6 3 2 4 3 12 5
*
8 2 14 0 5 2 10 0 6 3 2 4 3 12 5
*
8 2 14 0 5 2 10 0 6 3 2 4 3 12 5
*
8 2 14 0 5 2 10 0 6 3 2 4 3 12 5
*
8 2 14 0 5 2 10 0 6 3 2 4 3 12 5
*
8 2 14 0 5 2 10 0 6 3 2 4 3 12 5
*
8 2 14 0 5 2 10 0 6 3 2 4 3 12 5
*
8 2 14 0 5 2 10 0 6 3 2 4 3 12 5
*
8 2 14 0 5 2 10 0 6 3 2 4 3 12 5
*
8 2 14 0 5 2 10 0 6 3 2 4 3 12 5
*
8 2 14 0 5 2 10 0 6 3 2 4 3 12 5
*
8 2 14 0 5 2 10 0 6 3 2 4 3 12 5
*
8 2 14 0 5 2 10 0 6 3 2 4 3 12 5
*
8 2 14 0 5 2 10 0 6 3 2 4 3 12 5
*
8 2 14 0 5 2 10 0 6 3 2 4 3 12 5
*
8 2 14 0 5 2 10 0 6 3 2 4 3 12 5
*
8 2 14 0 5 2 10 0 6 3 2 4 3 12 5
*
8 2 14 0 5 2 10 0 6 3 2 4 3 12 5
*
8 2 14 0 5 2 10 0 6 3 2 4 3 12 5
*
8 2 14 0 5 2 10 0 6 3 2 4 3 12 5
*
8 2 14 0 5 2 10 0 6 3 2 4 3 12 5
*
8 2 14 0 5 2 10 0 6 3 2 4 3 12 5
*
8 2 14 0 5 2 10 0 6 3 2 4 3 12 5
*
8 2 14 0 5 2 10 0 6 3 2 4 3 12 5
*
8 2 14 0 5 2 10 0 6 3 2 4 3 12 5
*
8 2 14 0 5 2 10 0 6 3 2 4 3 12 5
*
8 2 14 0 5 2 10 0 6 3 2 4 3 12 5
*
8 2 14 0 5 2 10 0 6 3 2 4 3 12 5
*
8 2 14 0 5 2 10 0 6 3 2 4 3 12 5
*
8 2 14 0 5 2 10 0 6 3 2 4 3 12 5
*
8 2 14 0 5 2 10 0 6 3 2 4 3 12 5
*
8 2 14 0 5 2 10 0 6 3 2 4 3 12 5
*
8 2 14 0 5 2 10 0 6 3 2 4 3 12 5
*
8 2 14 0 5 2 10 0 6 3 2 4 3 12 5
*
8 2 14 0 5 2 10 0 6 3 2 4 3 12 5
*
8 2 14 0 5 2 10 0 6 3 2 4 3 12 5
*
8 2 14 0 5 2 10 0 6 3 2 4 3 12 5
*
8 2 14 0 5 2 10 0 6 3 2 4 3 12 5
*
8 2 14 0 5 2 10 0 6 3 2 4 3 12 5
*
8 2 14 0 5 2 10 0 6 3 2 4 3 12 5
*
8 2 14 0 5 2 10 0 6 3 2 4 3 12 5
*
8 2 14 0 5 2 10 0 6 3 2 4 3 12 5
*
8 2 14 0 5 2 10 0 6 3 2 4 3 12 5
*
8 2 14 0 5 2 10 0 6 3 2 4 3 12 5
*
8 2 14 0 5 2 10 0 6 3 2 4 3 12 5
*
8 2 14 0 5 2 10 0 6 3 2 4 3 12 5
*
8 2 14 0 5 2 10 0 6 3 2 4 3 12 5
*
8 2 14 0 5 2 10 0 6 3 2 4 3 12 5
*
8 2 14 0 5 2 10 0 6 3 2 4 3 12 5
*
8 2 14 0 5 2 10 0 6 3 2 4 3 12 5
*
8 2 14 0 5 2 10 0 6 3 2 4 3 12 5
*
8 2 14 0 5 2 10 0 6 3 2 4 3 12 5
*
8 2 14 0 5 2 10 0 6 3 2 4 3 12 5
*
8 2 14 0 5 2 10 0 6 3 2 4 3 12 5
*
8 2 14 0 5 2 10 0 6 3 2 4 3 12 5
*
8 2 14 0 5 2 10 0 6 3 2 4 3 12 5
*
8 2 14 0 5 2 10 0 6 3 2 4 3 12 5
*
8 2 14 0 5 2 10 0 6 3 2 4 3 12 5
*
8 2 14 0 5 2 10 0 6 3 2 4 3 12 5
*
8 2 14 3 5 2 10 1 6 3 2 4 2 12 5
*
14 2 14 3 5 2 10 0 6 3 2 4 5 12 5
*
14 2 14 3 5 2 10 0 6 3 2 4 5 12 5
*
14 2 14 3 5 2 10 0 6 3 2 4 5 12 5
*
8 2 14 3 5 2 10 0 6 3 2 4 7 12 5
*
8 2 14 0 5 2 10 0 6 3 2 4 7 12 5
*
8 2 14 0 5 2 10 0 6 3 2 4 7 12 5
*
8 2 14 0 5 2 10 0 6 3 2 4 10 12 5
*
8 2 14 0 5 2 10 0 6 3 2 4 10 12 5
*
8 2 14 0 5 2 10 0 6 3 2 4 3 12 5
*
8 2 14 0 5 2 10 0 6 3 2 4 3 12 5
*
8 2 14 0 5 2 10 0 6 3 2 4 3 12 5
*
8 2 14 0 5 2 10 0 6 3 2 4 3 12 5
*
8 2 14 0 5 2 10 0 6 3 2 4 3 12 5
*
8 2 14 0 5 2 10 0 6 3 2 4 3 12 5
*
8 2 14 0 5 2 10 0 6 3 2 4 3 12 5
*
8 2 14 0 5 2 10 0 6 3 2 4 3 12 5
*
8 2 14 0 5 2 10 0 6 3 2 4 3 12 5
*
8 2 14 0 5 2 10 0 6 3 2 4 3 12 5
*
8 2 14 0 5 2 10 0 6 3 2 4 3 12 5
*
8 2 14 0 5 2 10 0 6 3 2 4 3 12 5
*
8 2 14 0 5 2 10 0 6 3 2 4 3 12 5
*
8 2 14 0 5 2 10 0 6 3 2 4 3 12 5
*
8 2 14 0 5 2 10 0 6 3 2 4 3 12 5
*
8 2 14 0 5 2 10 0 6 3 2 4 3 12 5
*
8 2 14 0 5 2 10 0 6 3 2 4 3 12 5
*
8 2 14 0 5 2 10 0 6 3 2 4 3 12 5
*
8 2 14 0 5 2 10 0 6 3 2 4 3 12 5
*
8 2 14 0 5 2 10 0 6 3 2 4 3 12 5
*
8 2 14 0 5 2 10 0 6 3 2 4 3 12 5
*
8 2 14 0 5 2 10 0 6 3 2 4 3 12 5
*
8 2 14 0 5 2 10 0 6 3 2 4 3 12 5
*
8 2 14 0 5 2 10 0 6 3 2 4 3 12 5
*
8 2 14 0 5 2 10 0 6 3 2 4 3 12 5
*
8 2 14 0 5 2 10 0 6 3 2 4 3 12 5
*
8 2 14 0 5 2 10 0 6 3 2 4 3 12 5
*
8 2 14 0 5 2 10 0 6 3 2 4 3 12 5
*
8 2 14 0 5 2 10 0 6 3 2 4 3 12 5
*
8 2 14 0 5 2 10 0 6 3 2 4 3 12 5
*
8 2 14 0 5 2 10 0 6 3 2 4 3 12 5
*
8 2 14 0 5 2 10 0 6 3 2 4 3 12 5
*
8 2 14 0 5 2 10 0 6 3 2 4 3 12 5
*
8 2 14 0 5 2 10 0 6 3 2 4 3 12 5
*
8 2 14 0 5 2 10 0 6 3 2 4 3 12 5
*
8 2 0 0 5 8 10 0 6 3 2 4 3 12 5
*
8 2 0 0 5 2 10 0 6 3 2 4 3 12 5
*
8 2 0 0 5 2 10 0 6 3 2 4 3 12 5
*
8 2 0 0 5 2 10 0 6 3 2 4 3 12 5
*
8 2 0 0 5 2 10 0 6 3 2 4 3 12 5
*
8 2 0 0 5 2 10 0 6 3 2 4 3 12 5
*
8 2 0 0 5 2 10 0 6 3 2 4 3 12 5
*
8 2 0 0 5 2 10 0 6 3 2 4 3 12 5
*
8 2 0 0 5 2 10 0 6 3 2 4 3 12 5
*
8 2 0 0 5 2 10 0 6 3 2 4 3 12 5
*
8 2 14 0 5 2 10 0 6 3 2 4 14 12 5
*
8 2 14 0 5 2 10 0 6 3 2 4 14 12 5
*
8 2 14 0 5 2 10 0 6 3 2 4 5 12 5
*
8 2 14 0 5 2 10 0 6 3 2 4 5 12 5
*
8 2 14 0 5 2 10 0 6 3 2 4 5 12 5
